htdocs/DOWNLOADS/wind-sensors_frongoch_20080114.na
55 1001
Hooper, D. A.
Rutherford Appleton Laboratory - http://www.sstd.rl.ac.uk
Wind vane and anemometer mounted on a 10 m tower
The NERC MST Radar Facility at Aberystwyth - http://mst.nerc.ac.uk
1 1
2008 01 14 2008 01 15
60.0
Seconds since 2008/01/14 00:00:00 UTC at start of 1 minute sample period (s)
4
1.0 1.0 1.0 1.0 
999.99 999.99 99.99 99.99 
Mean eastward wind in 1 minute sample period (m s-1)
Mean northward wind in 1 minute sample period (m s-1)
Minimum wind speed of gust within 1 minute sample period relative to mean speed
Maximum wind speed of gust within 1 minute sample period relative to mean speed
0
37
****** End of standard NASA-Ames info/Start of optional comment lines ******
Number of data lines in file
1440
Product definitions
  Data are initially recorded by the logger at 1 s intervals.
  The eastward and northward wind components represent means over 60 s.
  The gust wind speeds represent means over 3 s.
Global attributes (following NetCDF CF-1.0 convention)
  Title
    Surface wind vane and anemometer data for 1 minute sample periods
  History
    2008/01/14 data acquired by Campbell Scientific CR10 Climate Data Logger
    2008/01/15 12:00 file format converted
                     using tools_campbell_sci.py
                     on fair
  Institution
    Original data recorded by the NERC MST Radar Facility at Aberystwyth
      http://mst.nerc.ac.uk
    Data processed at the Rutherford Appleton Laboratory, Space Science and
      Technology Department - http://www.sstd.rl.ac.uk
    Data held at the British Atmospheric Data Centre
      http://badc.nerc.ac.uk/data/mst
  Source
    Vector Instruments W200P wind vane
    Vector Instruments A100R anemometer
      Both instruments are mounted on a 10 m tower
    Location name: Frongoch farm (near Aberystwyth, UK)
    Location: 52.42 degrees N, -4.05 degrees E
              base of tower 140 m above mean sea level
    British National Grid Reference: SN604826
  Comments
    Data restrictions: for academic/educational use only
  References
    Basic information about the data is available at http://badc.nerc.ac.uk/data/mst
    More detailed information about the data is available at http://mst.nerc.ac.uk
   Time   East  North   Min   Max
****** End of optional comment lines ***************************************
    0.0   2.08   6.71  0.71  1.25
   60.0   1.33   7.87  0.84  1.15
  120.0   1.24   6.32  0.71  1.16
  180.0   0.43   5.92  0.70  1.26
  240.0   1.33   4.91  0.74  1.23
  300.0   1.26   4.84  0.83  1.25
  360.0   1.12   5.75  0.78  1.21
  420.0   1.66   7.36  0.88  1.27
  480.0   0.99   6.63  0.68  1.37
  540.0   1.23   5.06  0.80  1.28
  600.0   1.71   6.14  0.72  1.24
  660.0   1.20   5.47  0.74  1.19
  720.0   1.79   5.68  0.77  1.26
  780.0   1.54   5.56  0.65  1.30
  840.0   1.30   6.28  0.65  1.36
  900.0   1.08   5.97  0.82  1.17
  960.0   1.30   6.05  0.74  1.21
 1020.0   1.51   5.81  0.83  1.18
 1080.0   0.84   6.36  0.84  1.17
 1140.0   1.52   6.23  0.71  1.30
 1200.0   0.65   7.03  0.77  1.24
 1260.0   0.66   6.97  0.71  1.13
 1320.0   1.17   7.24  0.80  1.19
 1380.0   1.77   7.56  0.80  1.18
 1440.0   1.17   6.44  0.83  1.15
 1500.0   1.11   7.50  0.71  1.32
 1560.0   0.51   7.94  0.73  1.20
 1620.0   1.10   7.73  0.85  1.17
 1680.0   0.56   7.48  0.72  1.39
 1740.0   0.85   7.78  0.80  1.17
 1800.0   0.94   5.86  0.84  1.33
 1860.0   0.35   7.93  0.73  1.31
 1920.0   1.02   6.59  0.81  1.19
 1980.0   0.58   7.31  0.74  1.19
 2040.0   0.67   7.05  0.82  1.18
 2100.0   0.90   7.19  0.75  1.26
 2160.0   1.24   6.44  0.70  1.27
 2220.0   1.62   6.75  0.66  1.26
 2280.0   1.13   5.30  0.77  1.23
 2340.0   1.05   6.39  0.84  1.29
 2400.0   1.00   6.53  0.82  1.20
 2460.0   0.94   5.91  0.77  1.25
 2520.0   1.38   6.37  0.70  1.34
 2580.0   0.93   5.59  0.81  1.25
 2640.0   0.90   6.42  0.77  1.29
 2700.0   1.17   6.27  0.65  1.31
 2760.0   0.75   5.83  0.78  1.35
 2820.0   0.87   6.63  0.69  1.25
 2880.0   0.67   4.85  0.77  1.19
 2940.0   1.17   5.52  0.66  1.33
 3000.0   1.13   5.87  0.70  1.25
 3060.0   0.32   6.24  0.73  1.27
 3120.0   0.58   5.57  0.74  1.34
 3180.0   0.54   6.81  0.79  1.22
 3240.0   0.97   5.90  0.63  1.39
 3300.0   0.34   5.87  0.71  1.28
 3360.0   0.67   5.52  0.75  1.42
 3420.0   0.61   5.38  0.69  1.31
 3480.0   1.03   6.82  0.73  1.27
 3540.0   1.24   5.91  0.76  1.31
 3600.0   0.68   5.86  0.78  1.34
 3660.0   0.53   5.70  0.73  1.31
 3720.0   0.72   5.89  0.84  1.12
 3780.0   0.38   7.30  0.80  1.20
 3840.0   0.66   6.78  0.80  1.28
 3900.0   0.69   6.27  0.73  1.19
 3960.0   0.95   5.73  0.72  1.43
 4020.0   0.52   4.45  0.74  1.40
 4080.0   1.34   4.86  0.83  1.16
 4140.0   0.65   4.60  0.63  1.43
 4200.0   0.71   5.03  0.74  1.31
 4260.0  -0.30   5.91  0.85  1.20
 4320.0   0.04   5.98  0.70  1.25
 4380.0   0.13   5.98  0.77  1.25
 4440.0   0.36   7.01  0.77  1.19
 4500.0   1.53   8.04  0.81  1.17
 4560.0   1.50   7.27  0.90  1.18
 4620.0   0.52   6.35  0.72  1.24
 4680.0   0.67   6.34  0.85  1.18
 4740.0   0.46   6.61  0.82  1.13
 4800.0   0.18   5.83  0.79  1.21
 4860.0   0.54   5.62  0.74  1.18
 4920.0   0.57   6.89  0.78  1.20
 4980.0   0.64   5.61  0.81  1.25
 5040.0   0.16   7.10  0.70  1.23
 5100.0   1.18   6.77  0.79  1.21
 5160.0   0.40   5.42  0.77  1.38
 5220.0  -0.05   5.40  0.77  1.39
 5280.0  -0.38   6.84  0.79  1.22
 5340.0  -0.27   6.74  0.74  1.30
 5400.0   0.50   6.50  0.77  1.28
 5460.0   0.88   7.37  0.79  1.18
 5520.0   0.78   7.15  0.75  1.22
 5580.0   0.97   5.75  0.86  1.14
 5640.0   0.77   5.74  0.79  1.22
 5700.0   0.65   6.36  0.85  1.37
 5760.0   1.84   6.34  0.76  1.32
 5820.0   2.00   6.58  0.67  1.27
 5880.0   1.59   6.45  0.75  1.19
 5940.0   2.01   6.44  0.74  1.17
 6000.0   2.30   6.65  0.83  1.24
 6060.0   2.46   6.28  0.74  1.30
 6120.0   2.00   6.14  0.77  1.29
 6180.0   1.71   6.40  0.82  1.20
 6240.0   1.89   6.87  0.76  1.23
 6300.0   1.45   5.46  0.74  1.25
 6360.0   1.54   6.04  0.67  1.27
 6420.0   1.23   6.23  0.79  1.31
 6480.0   1.39   5.62  0.86  1.22
 6540.0   1.65   6.52  0.74  1.30
 6600.0   1.62   6.87  0.77  1.24
 6660.0   2.06   6.56  0.73  1.27
 6720.0   0.98   6.53  0.76  1.32
 6780.0   1.14   6.29  0.85  1.17
 6840.0   0.91   5.72  0.86  1.29
 6900.0   0.50   5.83  0.78  1.28
 6960.0   0.71   7.24  0.75  1.15
 7020.0   0.60   5.28  0.86  1.25
 7080.0   0.73   5.58  0.89  1.26
 7140.0   1.01   6.99  0.83  1.18
 7200.0   0.85   6.76  0.73  1.22
 7260.0   0.47   5.92  0.77  1.33
 7320.0   0.34   5.20  0.80  1.20
 7380.0   0.96   6.95  0.77  1.13
 7440.0   0.86   6.88  0.72  1.20
 7500.0   0.74   5.72  0.87  1.30
 7560.0   0.21   5.35  0.78  1.25
 7620.0   0.50   6.50  0.77  1.28
 7680.0   0.76   6.98  0.77  1.25
 7740.0   0.27   7.25  0.69  1.26
 7800.0   0.13   6.42  0.78  1.17
 7860.0   0.49   5.77  0.86  1.22
 7920.0   0.67   6.40  0.78  1.16
 7980.0   0.15   6.60  0.76  1.26
 8040.0   0.26   6.37  0.72  1.31
 8100.0   0.68   6.40  0.65  1.16
 8160.0   0.14   6.85  0.79  1.22
 8220.0   0.59   5.66  0.73  1.24
 8280.0   0.17   6.08  0.55  1.23
 8340.0   0.85   6.21  0.80  1.26
 8400.0   0.46   5.56  0.75  1.19
 8460.0   0.81   5.84  0.78  1.27
 8520.0   0.23   5.72  0.73  1.24
 8580.0  -0.12   6.19  0.81  1.28
 8640.0  -0.28   5.31  0.78  1.18
 8700.0   0.28   5.37  0.70  1.32
 8760.0   0.69   5.77  0.79  1.29
 8820.0   0.51   6.96  0.66  1.31
 8880.0   0.10   6.42  0.65  1.30
 8940.0   0.11   5.98  0.70  1.25
 9000.0   0.03   6.65  0.82  1.25
 9060.0   0.18   5.73  0.80  1.16
 9120.0  -0.57   6.25  0.80  1.26
 9180.0  -0.11   6.31  0.66  1.19
 9240.0   0.19   6.56  0.83  1.40
 9300.0  -0.20   6.89  0.66  1.33
 9360.0  -0.60   7.12  0.76  1.40
 9420.0  -0.09   7.08  0.77  1.30
 9480.0   0.25   7.17  0.81  1.34
 9540.0   0.17   7.06  0.77  1.18
 9600.0   0.25   6.83  0.73  1.28
 9660.0   1.19   6.60  0.62  1.24
 9720.0   0.77   8.02  0.72  1.24
 9780.0   0.96   7.38  0.78  1.29
 9840.0   1.25   6.95  0.71  1.24
 9900.0   1.05   7.89  0.84  1.20
 9960.0   1.38   6.05  0.87  1.34
10020.0   1.36   7.04  0.76  1.22
10080.0   1.47   7.18  0.80  1.25
10140.0   1.43   7.01  0.76  1.34
10200.0   0.67   6.97  0.77  1.19
10260.0   1.52   6.49  0.75  1.31
10320.0   1.24   6.15  0.66  1.33
10380.0   1.16   6.69  0.74  1.29
10440.0   0.93   6.54  0.76  1.20
10500.0   2.31   7.81  0.72  1.33
10560.0   1.19   6.50  0.76  1.14
10620.0   1.61   7.50  0.76  1.25
10680.0   1.64   6.42  0.75  1.13
10740.0   1.34   7.51  0.76  1.26
10800.0   2.14   8.27  0.88  1.17
10860.0   0.90   7.41  0.67  1.28
10920.0   0.61   7.43  0.84  1.23
10980.0   1.09   6.56  0.75  1.25
11040.0   2.03   7.22  0.78  1.28
11100.0   2.00   6.66  0.84  1.26
11160.0   1.73   7.06  0.86  1.20
11220.0   1.51   6.41  0.82  1.27
11280.0   1.20   5.50  0.81  1.19
11340.0   2.09   7.74  0.68  1.46
11400.0   1.59   6.84  0.71  1.36
11460.0   1.21   7.17  0.69  1.32
11520.0   1.50   7.07  0.75  1.33
11580.0   1.40   7.60  0.81  1.24
11640.0   1.45   6.74  0.79  1.33
11700.0   1.62   7.48  0.82  1.20
11760.0   1.90   7.15  0.68  1.29
11820.0   2.19   6.89  0.75  1.38
11880.0   2.36   7.82  0.76  1.17
11940.0   0.85   6.38  0.78  1.36
12000.0   0.83   6.59  0.75  1.38
12060.0   1.19   6.24  0.79  1.18
12120.0   0.85   6.93  0.78  1.25
12180.0   1.36   6.95  0.88  1.18
12240.0   1.21   7.44  0.77  1.22
12300.0   0.98   6.53  0.76  1.26
12360.0   0.83   5.96  0.76  1.38
12420.0   0.60   6.35  0.78  1.24
12480.0   0.59   6.60  0.75  1.45
12540.0   0.92   6.81  0.79  1.27
12600.0   0.67   7.32  0.68  1.36
12660.0   1.29   7.62  0.59  1.35
12720.0   0.78   6.22  0.73  1.40
12780.0   0.81   6.01  0.76  1.44
12840.0   1.31   7.81  0.74  1.32
12900.0   2.43   8.06  0.79  1.24
12960.0   2.02   7.24  0.78  1.22
13020.0   1.94   6.94  0.87  1.21
13080.0   1.27   6.44  0.83  1.33
13140.0   1.79   6.19  0.71  1.23
13200.0   1.84   7.10  0.85  1.14
13260.0   1.35   5.98  0.75  1.22
13320.0   1.51   6.99  0.82  1.22
13380.0   2.10   7.48  0.70  1.18
13440.0   1.34   6.38  0.77  1.41
13500.0   1.26   7.47  0.82  1.26
13560.0   1.39   6.94  0.82  1.41
13620.0   1.25   7.96  0.83  1.19
13680.0   1.67   6.32  0.83  1.15
13740.0   0.86   5.29  0.70  1.48
13800.0   0.79   6.28  0.72  1.25
13860.0   0.17   5.83  0.79  1.43
13920.0   0.39   7.72  0.65  1.13
13980.0  -0.10   7.04  0.83  1.12
14040.0   0.01   7.83  0.74  1.22
14100.0   0.28   7.03  0.71  1.30
14160.0   0.64   8.54  0.73  1.22
14220.0   0.83   6.76  0.73  1.28
14280.0   0.89   6.61  0.75  1.31
14340.0   0.98   8.07  0.77  1.23
14400.0   0.32   6.05  0.62  1.31
14460.0   0.11   7.15  0.70  1.22
14520.0   0.65   8.05  0.83  1.19
14580.0   0.25   7.85  0.80  1.27
14640.0   0.06   7.38  0.73  1.19
14700.0   1.17   8.13  0.86  1.17
14760.0   0.12   6.98  0.78  1.25
14820.0   0.79   8.17  0.71  1.32
14880.0   0.66   8.14  0.76  1.17
14940.0   0.27   6.56  0.83  1.14
15000.0  -0.02   6.85  0.73  1.46
15060.0   0.31   7.80  0.80  1.44
15120.0   0.35   7.76  0.70  1.29
15180.0   0.13   7.63  0.82  1.31
15240.0   0.17   9.54  0.79  1.18
15300.0   0.23   7.63  0.76  1.20
15360.0   0.95   9.05  0.69  1.24
15420.0   1.15   8.73  0.80  1.18
15480.0   0.45   7.22  0.69  1.33
15540.0   0.73   8.51  0.68  1.32
15600.0   0.65   9.13  0.68  1.18
15660.0   1.29   8.55  0.72  1.25
15720.0  -0.39   7.12  0.82  1.34
15780.0   1.35   7.42  0.72  1.22
15840.0   1.75   8.77  0.70  1.12
15900.0   0.89   8.96  0.60  1.30
15960.0   1.59   8.50  0.82  1.25
16020.0   2.11   9.35  0.70  1.30
16080.0   1.30   6.96  0.82  1.30
16140.0   1.55   8.34  0.79  1.28
16200.0   1.17   8.21  0.75  1.21
16260.0   2.45   7.86  0.81  1.32
16320.0   2.27   9.52  0.81  1.23
16380.0   1.51   9.02  0.77  1.37
16440.0   1.95   7.82  0.78  1.34
16500.0   2.56   8.17  0.83  1.31
16560.0   1.73   7.62  0.80  1.12
16620.0   1.87   8.49  0.77  1.20
16680.0   2.57   9.15  0.79  1.32
16740.0   2.06   8.70  0.79  1.26
16800.0   1.66   8.23  0.69  1.29
16860.0   1.84   7.98  0.76  1.22
16920.0   3.18   8.69  0.72  1.26
16980.0   1.85   8.87  0.78  1.20
17040.0   2.31  10.07  0.81  1.17
17100.0   1.03   8.17  0.66  1.27
17160.0   2.60   9.76  0.74  1.20
17220.0   2.30   9.17  0.84  1.19
17280.0   2.19   8.41  0.77  1.34
17340.0   3.06  10.13  0.79  1.30
17400.0   1.94  10.00  0.78  1.27
17460.0   1.20  10.10  0.82  1.19
17520.0   1.29   9.96  0.71  1.49
17580.0   3.05  10.37  0.77  1.27
17640.0   1.75   8.91  0.73  1.38
17700.0   2.24   9.62  0.76  1.27
17760.0   2.44   8.73  0.78  1.20
17820.0   2.40   9.77  0.83  1.16
17880.0   2.41   9.40  0.86  1.24
17940.0   1.69   9.99  0.82  1.19
18000.0   1.15   8.27  0.80  1.20
18060.0   0.58   8.52  0.78  1.22
18120.0   0.67   8.86  0.75  1.41
18180.0   1.39   7.90  0.73  1.25
18240.0   0.73   8.20  0.81  1.22
18300.0   0.77   7.06  0.82  1.35
18360.0   0.31   8.43  0.79  1.14
18420.0   0.50   6.79  0.67  1.28
18480.0   0.00   8.46  0.79  1.13
18540.0   0.79   7.13  0.76  1.39
18600.0   0.80   8.29  0.80  1.20
18660.0   0.44   6.63  0.69  1.38
18720.0   1.11   7.32  0.73  1.41
18780.0   0.43   8.30  0.80  1.20
18840.0   0.48   8.14  0.66  1.23
18900.0   0.77   9.32  0.80  1.20
18960.0   1.32   9.99  0.79  1.20
19020.0   1.02   7.78  0.74  1.27
19080.0   1.55   8.71  0.66  1.22
19140.0   1.15   7.92  0.78  1.35
19200.0   1.48   8.06  0.76  1.17
19260.0   1.34   7.17  0.86  1.49
19320.0   1.15   7.82  0.74  1.27
19380.0   1.37   8.37  0.79  1.13
19440.0   1.77   7.56  0.75  1.23
19500.0   2.19   7.15  0.72  1.28
19560.0   2.69   7.60  0.72  1.24
19620.0   1.70   7.41  0.77  1.26
19680.0   2.45   8.54  0.70  1.22
19740.0   3.04   8.39  0.75  1.21
19800.0   1.82   6.76  0.77  1.25
19860.0   2.00   7.45  0.76  1.35
19920.0   2.41   8.31  0.72  1.35
19980.0   2.74   8.09  0.88  1.22
20040.0   2.59   6.86  0.85  1.25
20100.0   3.12   6.50  0.69  1.33
20160.0   2.12   6.32  0.75  1.31
20220.0   2.89   7.13  0.81  1.25
20280.0   2.24   6.59  0.84  1.20
20340.0   1.85   6.23  0.71  1.28
20400.0   1.61   7.33  0.78  1.17
20460.0   1.54   7.32  0.78  1.23
20520.0   1.87   6.81  0.77  1.30
20580.0   1.48   6.86  0.77  1.31
20640.0   2.43   7.86  0.76  1.42
20700.0   2.27   7.43  0.70  1.29
20760.0   2.03   9.16  0.58  1.29
20820.0   1.83   8.04  0.76  1.21
20880.0   1.56   7.42  0.82  1.32
20940.0   0.75   7.00  0.65  1.30
21000.0   1.15   6.50  0.76  1.45
21060.0   1.36   6.93  0.83  1.18
21120.0   3.71   8.07  0.56  1.31
21180.0   1.48   7.16  0.80  1.25
21240.0   2.66   7.91  0.65  1.35
21300.0   2.00   9.82  0.67  1.25
21360.0   2.40   8.59  0.70  1.21
21420.0   2.43   9.14  0.79  1.14
21480.0   2.62   7.36  0.85  1.17
21540.0   1.82   7.75  0.73  1.26
21600.0   2.39   7.87  0.71  1.22
21660.0   2.46   8.31  0.82  1.25
21720.0   2.17   7.10  0.73  1.24
21780.0   2.96   8.70  0.68  1.36
21840.0   2.62   9.85  0.82  1.27
21900.0   2.77   8.78  0.63  1.22
21960.0   3.74   8.02  0.80  1.36
22020.0   2.79   8.60  0.78  1.29
22080.0   3.22   8.65  0.77  1.22
22140.0   3.30   8.24  0.70  1.17
22200.0   3.77   7.76  0.77  1.30
22260.0   3.07   6.71  0.79  1.19
22320.0   3.19   7.29  0.73  1.26
22380.0   3.48   7.07  0.85  1.27
22440.0   2.63   5.99  0.76  1.40
22500.0   2.49   5.30  0.78  1.21
22560.0   2.54   5.57  0.75  1.22
22620.0   2.56   5.36  0.84  1.19
22680.0   2.36   5.31  0.79  1.22
22740.0   2.66   5.93  0.71  1.22
22800.0   3.04   6.07  0.86  1.17
22860.0   2.52   5.99  0.83  1.15
22920.0   2.62   5.97  0.83  1.28
22980.0   2.60   5.73  0.73  1.26
23040.0   2.36   6.15  0.82  1.14
23100.0   2.74   5.13  0.65  1.22
23160.0   2.66   5.50  0.75  1.23
23220.0   3.44   6.58  0.79  1.24
23280.0   3.28   5.52  0.78  1.23
23340.0   2.34   5.16  0.74  1.25
23400.0   2.69   5.06  0.80  1.24
23460.0   2.76   6.32  0.73  1.39
23520.0   3.30   6.67  0.73  1.34
23580.0   4.28   6.80  0.62  1.35
23640.0   2.84   7.68  0.71  1.32
23700.0   4.29   6.36  0.87  1.14
23760.0   2.32   5.96  0.85  1.24
23820.0   2.74   5.62  0.80  1.33
23880.0   2.97   5.36  0.75  1.22
23940.0   2.78   5.36  0.83  1.24
24000.0   2.72   6.31  0.85  1.21
24060.0   3.88   6.37  0.89  1.12
24120.0   4.28   6.21  0.83  1.16
24180.0   3.60   5.88  0.73  1.27
24240.0   5.13   6.73  0.79  1.28
24300.0   4.26   7.81  0.75  1.40
24360.0   4.66   6.41  0.79  1.26
24420.0   4.43   6.82  0.67  1.28
24480.0   6.12   6.31  0.66  1.28
24540.0   6.58   6.99  0.74  1.26
24600.0   5.02   5.71  0.77  1.26
24660.0   5.26   6.16  0.82  1.23
24720.0   5.86   7.64  0.74  1.25
24780.0   4.62   6.13  0.87  1.14
24840.0   6.06   7.22  0.71  1.24
24900.0   5.34   7.19  0.70  1.49
24960.0   5.26   5.43  0.72  1.21
25020.0   6.23   6.25  0.71  1.37
25080.0   5.55   5.71  0.73  1.52
25140.0   5.38   7.32  0.69  1.38
25200.0   7.59   8.25  0.74  1.26
25260.0   6.47   7.57  0.67  1.26
25320.0   6.03   5.91  0.69  1.28
25380.0   7.69   7.43  0.78  1.36
25440.0   6.01   5.95  0.69  1.33
25500.0   6.80   8.22  0.70  1.37
25560.0   6.48   6.52  0.77  1.27
25620.0   6.41   6.02  0.81  1.28
25680.0   5.14   5.43  0.78  1.28
25740.0   6.54   6.54  0.72  1.22
25800.0   6.83   5.71  0.51  1.31
25860.0   6.66   6.28  0.73  1.28
25920.0   7.10   7.18  0.78  1.32
25980.0   7.02   6.28  0.75  1.28
26040.0   6.09   6.76  0.78  1.19
26100.0   6.01   5.74  0.70  1.50
26160.0   5.98   6.62  0.75  1.21
26220.0   6.49   5.81  0.72  1.39
26280.0   7.41   6.33  0.81  1.28
26340.0   4.93   5.60  0.78  1.40
26400.0   5.73   5.83  0.71  1.33
26460.0   5.20   5.83  0.75  1.23
26520.0   6.22   6.71  0.68  1.23
26580.0   6.71   6.43  0.72  1.17
26640.0   5.89   5.53  0.72  1.24
26700.0   6.50   6.14  0.70  1.35
26760.0   5.73   6.02  0.80  1.30
26820.0   5.77   5.73  0.72  1.28
26880.0   7.30   7.25  0.73  1.17
26940.0   6.20   6.47  0.79  1.30
27000.0   4.99   5.49  0.79  1.24
27060.0   5.61   6.71  0.71  1.24
27120.0   6.44   5.36  0.55  1.44
27180.0   6.31   5.78  0.78  1.27
27240.0   4.95   4.77  0.61  1.39
27300.0   5.59   5.75  0.68  1.30
27360.0   7.06   6.94  0.67  1.39
27420.0   7.38   6.81  0.75  1.25
27480.0   8.03   7.06  0.70  1.36
27540.0   8.98   6.84  0.70  1.26
27600.0   6.52   5.83  0.81  1.24
27660.0   6.81   5.73  0.75  1.40
27720.0   7.83   6.81  0.68  1.32
27780.0   6.50   4.92  0.77  1.48
27840.0   7.10   6.53  0.73  1.25
27900.0   7.79   6.31  0.79  1.33
27960.0   6.93   6.83  0.77  1.37
28020.0   7.17   6.39  0.78  1.17
28080.0   8.38   6.74  0.70  1.24
28140.0   7.49   6.05  0.74  1.30
