htdocs/DOWNLOADS/wind-sensors_frongoch_20080114.na
55 1001
Hooper, D. A.
Rutherford Appleton Laboratory - http://www.sstd.rl.ac.uk
Wind vane and anemometer mounted on a 10 m tower
The NERC MST Radar Facility at Aberystwyth - http://mst.nerc.ac.uk
1 1
2008 01 14 2008 01 15
60.0
Seconds since 2008/01/14 00:00:00 UTC at start of 1 minute sample period (s)
4
1.0 1.0 1.0 1.0 
999.99 999.99 99.99 99.99 
Mean eastward wind in 1 minute sample period (m s-1)
Mean northward wind in 1 minute sample period (m s-1)
Minimum wind speed of gust within 1 minute sample period relative to mean speed
Maximum wind speed of gust within 1 minute sample period relative to mean speed
0
37
****** End of standard NASA-Ames info/Start of optional comment lines ******
Number of data lines in file
1440
Product definitions
  Data are initially recorded by the logger at 1 s intervals.
  The eastward and northward wind components represent means over 60 s.
  The gust wind speeds represent means over 3 s.
Global attributes (following NetCDF CF-1.0 convention)
  Title
    Surface wind vane and anemometer data for 1 minute sample periods
  History
    2008/01/14 data acquired by Campbell Scientific CR10 Climate Data Logger
    2008/01/15 12:00 file format converted
                     using tools_campbell_sci.py
                     on fair
  Institution
    Original data recorded by the NERC MST Radar Facility at Aberystwyth
      http://mst.nerc.ac.uk
    Data processed at the Rutherford Appleton Laboratory, Space Science and
      Technology Department - http://www.sstd.rl.ac.uk
    Data held at the British Atmospheric Data Centre
      http://badc.nerc.ac.uk/data/mst
  Source
    Vector Instruments W200P wind vane
    Vector Instruments A100R anemometer
      Both instruments are mounted on a 10 m tower
    Location name: Frongoch farm (near Aberystwyth, UK)
    Location: 52.42 degrees N, -4.05 degrees E
              base of tower 140 m above mean sea level
    British National Grid Reference: SN604826
  Comments
    Data restrictions: for academic/educational use only
  References
    Basic information about the data is available at http://badc.nerc.ac.uk/data/mst
    More detailed information about the data is available at http://mst.nerc.ac.uk
   Time   East  North   Min   Max
****** End of optional comment lines ***************************************
[from data line 471]
28260.0   6.82   6.31  0.67  1.39
28320.0   7.80   6.71  0.61  1.30
28380.0   7.88   6.40  0.78  1.31
28440.0   8.26   6.00  0.78  1.27
28500.0   8.04   6.51  0.85  1.33
28560.0   7.46   6.74  0.75  1.20
28620.0   6.91   5.36  0.81  1.29
28680.0   6.02   5.36  0.67  1.24
28740.0   6.32   6.08  0.76  1.23
28800.0   7.22   7.22  0.73  1.27
28860.0   7.35   7.03  0.86  1.27
28920.0   7.88   6.36  0.82  1.32
28980.0   6.87   6.68  0.74  1.26
29040.0   7.47   6.68  0.58  1.33
29100.0   7.07   6.08  0.76  1.29
29160.0   7.96   5.98  0.80  1.46
29220.0   7.32   6.06  0.79  1.27
29280.0   6.87   5.52  0.66  1.42
29340.0   7.80   6.10  0.84  1.18
29400.0   7.08   6.56  0.78  1.25
29460.0   6.71   6.19  0.78  1.28
29520.0   7.22   6.17  0.79  1.36
29580.0   6.52   6.23  0.78  1.39
29640.0   7.00   6.73  0.73  1.42
29700.0   8.45   6.94  0.80  1.26
29760.0   7.40   6.64  0.80  1.17
29820.0   7.27   6.14  0.74  1.23
29880.0   6.48   6.71  0.67  1.25
29940.0   8.26   7.73  0.70  1.36
30000.0   6.99   5.99  0.72  1.31
30060.0   6.39   5.57  0.69  1.38
30120.0   6.52   5.81  0.67  1.19
30180.0   6.34   5.01  0.77  1.24
30240.0   7.60   6.47  0.71  1.25
30300.0   7.40   6.61  0.76  1.22
30360.0   7.43   5.98  0.70  1.27
30420.0   7.80   7.00  0.79  1.35
30480.0   6.95   5.98  0.68  1.36
30540.0   7.64   6.36  0.75  1.17
30600.0   6.07   5.11  0.73  1.15
30660.0   7.30   6.66  0.67  1.27
30720.0   6.42   6.42  0.78  1.29
30780.0   7.28   6.71  0.80  1.22
30840.0   6.44   5.31  0.85  1.30
30900.0   6.82   6.07  0.73  1.37
30960.0   6.78   6.48  0.71  1.20
31020.0   5.87   5.59  0.72  1.34
31080.0   7.08   5.22  0.76  1.28
31140.0   7.09   6.23  0.66  1.32
31200.0   6.98   6.22  0.85  1.11
31260.0   7.29   6.56  0.85  1.19
31320.0   7.63   6.56  0.79  1.16
31380.0   6.37   6.22  0.84  1.17
31440.0   7.33   6.69  0.76  1.43
31500.0   7.57   6.79  0.74  1.35
31560.0   8.67   7.14  0.78  1.34
31620.0   7.26   7.15  0.65  1.23
31680.0   8.38   7.16  0.76  1.21
31740.0   6.61   6.59  0.71  1.25
31800.0   7.52   6.84  0.78  1.23
31860.0   7.87   7.01  0.71  1.30
31920.0   7.10   6.08  0.67  1.29
31980.0   7.57   7.39  0.71  1.26
32040.0   8.17   6.76  0.83  1.18
32100.0   8.92   7.59  0.75  1.21
32160.0   8.55   7.22  0.74  1.19
32220.0   8.21   7.06  0.81  1.15
32280.0   7.65   5.91  0.73  1.29
32340.0   7.70   6.51  0.70  1.32
32400.0   8.01   5.86  0.76  1.26
32460.0   7.88   7.22  0.70  1.33
32520.0   6.86   5.53  0.76  1.23
32580.0   6.52   6.32  0.69  1.29
32640.0   6.71   6.67  0.75  1.32
32700.0   6.79   6.16  0.77  1.27
32760.0   6.76   5.98  0.74  1.39
32820.0   6.33   5.70  0.64  1.32
32880.0   6.55   5.80  0.71  1.38
32940.0   6.51   5.46  0.69  1.27
33000.0   7.43   6.72  0.87  1.12
33060.0   5.85   5.87  0.85  1.21
33120.0   5.86   6.67  0.80  1.31
33180.0   6.29   6.65  0.68  1.37
33240.0   6.09   6.74  0.73  1.24
33300.0   7.51   7.33  0.83  1.27
33360.0   7.72   6.62  0.82  1.27
33420.0   6.10   6.41  0.71  1.22
33480.0   8.29   6.88  0.77  1.24
33540.0   5.90   6.09  0.83  1.18
33600.0   6.51   6.07  0.84  1.26
33660.0   6.02   6.61  0.84  1.31
33720.0   6.48   6.97  0.70  1.31
33780.0   6.79   6.83  0.78  1.30
33840.0   6.12   6.77  0.64  1.37
33900.0   6.70   6.04  0.88  1.29
33960.0   4.93   5.42  0.80  1.19
34020.0   5.58   6.58  0.77  1.30
34080.0   4.99   5.70  0.71  1.21
34140.0   6.40   6.24  0.79  1.26
34200.0   5.52   5.52  0.64  1.33
34260.0   5.85   6.00  0.60  1.34
34320.0   4.73   5.58  0.85  1.20
34380.0   5.85   5.03  0.59  1.24
34440.0   5.96   5.53  0.67  1.33
34500.0   6.28   6.00  0.77  1.34
34560.0   6.02   6.00  0.78  1.27
34620.0   6.00   5.27  0.63  1.31
34680.0   6.47   6.34  0.69  1.24
34740.0   7.13   6.22  0.79  1.28
34800.0   7.27   6.69  0.76  1.22
34860.0   7.45   7.07  0.77  1.38
34920.0   7.29   7.29  0.69  1.33
34980.0   6.76   5.49  0.67  1.34
35040.0   7.72   7.15  0.75  1.27
35100.0   7.33   6.89  0.79  1.28
35160.0   6.42   6.28  0.60  1.44
35220.0   6.93   6.32  0.80  1.29
35280.0   7.91   6.25  0.74  1.28
35340.0   8.02   5.98  0.75  1.29
35400.0   7.65   5.98  0.60  1.42
35460.0   7.00   5.41  0.75  1.51
35520.0   7.46   4.86  0.70  1.50
35580.0   6.00   4.71  0.82  1.42
35640.0   7.65   6.47  0.67  1.37
35700.0   6.92   3.85  0.63  1.26
35760.0   6.42   5.66  0.44  1.75
35820.0   7.48   5.79  0.62  1.59
35880.0   6.79   4.00  0.69  1.53
35940.0   7.85   6.09  0.67  1.34
36000.0   7.85   5.79  0.77  1.24
36060.0   8.75   5.77  0.76  1.27
36120.0   7.46   4.07  0.78  1.27
36180.0   8.04   5.06  0.75  1.23
36240.0   9.15   5.92  0.73  1.22
36300.0   6.17   4.40  0.60  1.59
36360.0   7.85   5.08  0.80  1.34
36420.0   7.20   6.02  0.71  1.42
36480.0   5.85   3.81  0.72  1.43
36540.0   6.22   5.00  0.57  1.36
36600.0   8.18   4.76  0.66  1.32
36660.0   6.98   4.43  0.66  1.41
36720.0   7.65   5.16  0.81  1.26
36780.0   6.47   3.04  0.70  1.57
36840.0   6.36   3.90  0.67  1.45
36900.0   5.57   3.92  0.61  1.41
36960.0   7.12   4.00  0.71  1.28
37020.0   6.22   4.26  0.77  1.27
37080.0   7.45   4.05  0.74  1.33
37140.0   6.35   4.03  0.78  1.33
37200.0   7.02   5.19  0.67  1.29
37260.0   6.08   4.09  0.80  1.25
37320.0   7.22   4.64  0.73  1.41
37380.0   6.77   4.18  0.52  1.47
37440.0   6.70   4.22  0.79  1.26
37500.0   6.05   3.84  0.76  1.28
37560.0   6.50   3.12  0.75  1.27
37620.0   6.98   3.41  0.70  1.45
37680.0   5.31   3.93  0.63  1.32
37740.0   6.55   3.81  0.77  1.26
37800.0   7.88   5.45  0.70  1.30
37860.0   7.91   3.98  0.66  1.36
37920.0   7.36   3.78  0.66  1.36
37980.0   7.70   3.84  0.73  1.26
38040.0   5.56   3.75  0.68  1.43
38100.0   5.65   3.53  0.81  1.31
38160.0   5.73   3.65  0.74  1.23
38220.0   5.77   3.62  0.73  1.28
38280.0   7.81   4.58  0.69  1.33
38340.0   6.81   4.83  0.80  1.25
38400.0   7.73   4.45  0.79  1.26
38460.0   7.62   3.98  0.68  1.26
38520.0   7.44   3.89  0.69  1.34
38580.0   6.63   3.47  0.72  1.39
38640.0   6.24   2.79  0.73  1.34
38700.0   5.27   3.32  0.60  1.27
38760.0   5.58   3.00  0.72  1.38
38820.0   5.63   3.49  0.69  1.38
38880.0   6.08   2.78  0.81  1.25
38940.0   6.35   2.64  0.73  1.45
39000.0   5.62   2.59  0.67  1.28
39060.0   6.13   3.07  0.61  1.52
39120.0   6.13   2.87  0.62  1.54
39180.0   8.11   3.33  0.76  1.28
39240.0   6.04   2.46  0.64  1.60
39300.0   6.98   3.18  0.65  1.41
39360.0   6.34   2.32  0.74  1.30
39420.0   6.32   3.23  0.70  1.35
39480.0   6.52   1.67  0.62  1.30
39540.0   6.09   2.50  0.57  1.65
39600.0   5.57   2.96  0.40  1.58
39660.0   8.49   3.52  0.68  1.22
39720.0   7.61   3.70  0.54  1.58
39780.0   7.99   3.93  0.51  1.54
39840.0   7.68   3.93  0.68  1.35
39900.0   8.03   3.98  0.65  1.44
39960.0   7.93   3.60  0.77  1.48
40020.0   7.95   2.94  0.64  1.47
40080.0   7.93   3.12  0.64  1.56
40140.0   6.31   2.27  0.75  1.55
40200.0   8.04   4.18  0.51  1.47
40260.0   5.99   3.02  0.62  1.86
40320.0   8.63   3.93  0.57  1.23
40380.0   6.53   3.74  0.66  1.50
40440.0   6.41   3.25  0.64  1.28
40500.0   7.42   3.57  0.61  1.32
40560.0   7.28   3.36  0.73  1.61
40620.0   6.25   2.66  0.55  1.47
40680.0   7.64   2.90  0.51  1.43
40740.0   6.83   3.39  0.66  1.31
40800.0   7.14   3.38  0.74  1.27
40860.0   7.41   3.07  0.78  1.40
40920.0   6.70   3.37  0.67  1.33
40980.0   8.13   3.86  0.74  1.25
41040.0   6.37   2.24  0.74  1.42
41100.0   6.89   2.95  0.56  1.61
41160.0   7.85   3.63  0.58  1.35
41220.0   7.46   3.95  0.49  1.33
41280.0   8.97   4.14  0.72  1.39
41340.0   8.15   4.01  0.73  1.33
41400.0   7.94   3.42  0.48  1.40
41460.0   7.82   4.00  0.71  1.37
41520.0   6.50   2.92  0.58  1.52
41580.0   7.21   3.11  0.53  1.49
41640.0   7.42   3.33  0.62  1.33
41700.0   8.00   3.70  0.66  1.47
41760.0   8.41   3.66  0.59  1.36
41820.0   7.55   3.47  0.70  1.50
41880.0   7.62   3.41  0.75  1.55
41940.0   7.06   2.94  0.60  1.31
42000.0   7.10   3.77  0.62  1.50
42060.0   7.10   3.89  0.72  1.44
42120.0   6.92   3.40  0.59  1.68
42180.0   7.31   3.60  0.66  1.33
42240.0   6.56   3.00  0.58  1.56
42300.0   5.85   2.88  0.58  1.60
42360.0   7.48   4.03  0.69  1.23
42420.0   7.30   4.15  0.69  1.29
42480.0   7.77   3.14  0.65  1.39
42540.0   7.18   3.24  0.69  1.43
42600.0   8.44   3.06  0.70  1.35
42660.0   6.73   2.65  0.63  1.50
42720.0   7.14   3.51  0.63  1.52
42780.0   7.79   3.35  0.64  1.28
42840.0   7.12   3.60  0.73  1.51
42900.0   6.75   3.60  0.76  1.25
42960.0   6.25   3.71  0.63  1.61
43020.0   7.44   3.20  0.72  1.34
43080.0   6.71   2.96  0.57  1.59
43140.0   7.87   3.47  0.58  1.40
43200.0   7.00   2.96  0.60  1.32
43260.0   7.00   3.14  0.60  1.41
43320.0   6.97   2.82  0.72  1.27
43380.0   7.64   3.81  0.63  1.27
43440.0   7.24   3.70  0.77  1.33
43500.0   7.18   3.90  0.61  1.53
43560.0   6.19   2.53  0.56  1.68
43620.0   6.89   3.16  0.66  1.48
43680.0   8.01   2.90  0.68  1.37
43740.0   7.53   3.69  0.60  1.34
43800.0   7.81   3.72  0.58  1.45
43860.0   9.31   4.72  0.48  1.44
43920.0   7.37   3.22  0.67  1.24
43980.0   8.04   3.91  0.70  1.72
44040.0   8.31   3.66  0.69  1.24
44100.0   5.73   3.20  0.51  1.46
44160.0   7.18   3.66  0.52  1.50
44220.0   7.18   3.35  0.79  1.21
44280.0   8.20   3.41  0.61  1.22
44340.0   7.08   2.95  0.65  1.47
44400.0   7.20   3.44  0.68  1.51
44460.0   8.22   3.85  0.73  1.33
44520.0   6.54   3.35  0.74  1.30
44580.0   8.08   3.60  0.75  1.36
44640.0   8.36   4.43  0.62  1.45
44700.0   7.43   3.44  0.61  1.32
44760.0   7.37   3.17  0.57  1.51
44820.0   7.93   3.55  0.58  1.29
44880.0   8.02   3.10  0.78  1.26
44940.0   7.07   3.27  0.70  1.34
45000.0   7.90   3.62  0.48  1.53
45060.0   8.22   3.41  0.66  1.36
45120.0   7.04   2.47  0.50  1.34
45180.0   6.80   3.39  0.44  1.54
45240.0   6.14   3.19  0.66  1.38
45300.0   6.80   2.92  0.68  1.52
45360.0   7.15   2.77  0.65  1.47
45420.0   7.70   3.46  0.54  1.53
45480.0   7.80   3.17  0.74  1.29
45540.0   5.98   2.85  0.57  1.38
45600.0   8.72   4.22  0.64  1.50
45660.0   7.23   2.79  0.81  1.40
45720.0   6.13   3.51  0.65  1.48
45780.0   6.02   3.86  0.76  1.34
45840.0   6.95   2.82  0.67  1.39
45900.0   7.00   2.96  0.55  1.59
45960.0   6.86   3.18  0.66  1.43
46020.0   6.63   3.25  0.68  1.36
46080.0   9.15   3.72  0.63  1.56
46140.0   8.43   3.81  0.50  1.44
46200.0   7.12   3.61  0.68  1.36
46260.0   7.68   3.28  0.70  1.45
46320.0   5.83   2.24  0.73  1.27
46380.0   6.87   2.61  0.57  1.53
46440.0   8.65   3.73  0.71  1.33
46500.0   5.47   2.10  0.57  1.35
46560.0   7.59   3.18  0.46  1.57
46620.0   6.93   2.93  0.72  1.39
46680.0   7.42   3.78  0.65  1.40
46740.0   6.87   3.10  0.66  1.33
46800.0   7.61   3.28  0.65  1.51
46860.0   7.38   2.98  0.58  1.57
46920.0   7.57   2.76  0.62  1.55
46980.0   6.85   3.37  0.66  1.53
47040.0   6.92   3.40  0.59  1.35
47100.0   5.97   3.10  0.62  1.61
47160.0   8.79   3.39  0.62  1.42
47220.0   8.88   3.73  0.69  1.43
47280.0   7.24   3.63  0.67  1.60
47340.0   8.83   3.67  0.57  1.53
47400.0   7.85   3.51  0.82  1.26
47460.0   8.07   4.04  0.60  1.34
47520.0   7.27   4.06  0.70  1.30
47580.0   7.84   2.95  0.65  1.39
47640.0   7.33   3.69  0.46  1.57
47700.0   7.73   3.69  0.63  1.31
47760.0   7.61   3.39  0.65  1.35
47820.0   7.98   2.98  0.64  1.47
47880.0   7.46   3.34  0.71  1.43
47940.0   7.36   3.09  0.57  1.31
48000.0   8.30   3.37  0.65  1.35
48060.0   7.73   3.77  0.73  1.31
48120.0   6.84   3.76  0.53  1.55
48180.0   7.95   2.85  0.54  1.33
48240.0   6.21   2.74  0.67  1.41
48300.0   6.73   2.75  0.63  1.49
48360.0   7.68   2.36  0.62  1.35
48420.0   7.22   1.96  0.56  1.39
48480.0   8.41   3.38  0.60  1.33
48540.0   8.95   2.63  0.54  1.61
48600.0   7.42   2.71  0.42  1.64
48660.0   7.93   2.82  0.69  1.34
48720.0   6.80   2.96  0.62  1.40
48780.0   6.74   2.79  0.63  1.49
48840.0   8.79   2.26  0.60  1.42
48900.0   7.56   2.05  0.53  1.44
48960.0   6.30   2.70  0.61  1.34
49020.0   6.80   2.20  0.58  1.40
49080.0   6.75   2.86  0.68  1.42
49140.0   7.34   3.77  0.71  1.36
49200.0   6.25   2.97  0.66  1.26
49260.0   7.34   3.58  0.56  1.28
49320.0   6.61   3.42  0.73  1.29
49380.0   6.47   2.68  0.54  1.43
49440.0   6.59   2.92  0.58  1.45
49500.0   6.07   2.75  0.56  1.44
49560.0   7.04   3.37  0.69  1.33
49620.0   7.50   3.58  0.70  1.30
49680.0   6.01   3.33  0.61  1.52
49740.0   6.67   3.30  0.67  1.40
49800.0   5.59   3.15  0.78  1.43
49860.0   5.63   3.38  0.70  1.46
49920.0   7.07   3.87  0.72  1.29
49980.0   6.35   3.03  0.71  1.42
50040.0   7.13   3.71  0.52  1.40
50100.0   6.21   3.18  0.72  1.37
50160.0   6.01   2.31  0.45  1.68
50220.0   5.50   2.55  0.62  1.31
50280.0   5.98   2.66  0.45  1.40
50340.0   8.15   2.76  0.44  1.60
50400.0   7.20   3.30  0.58  1.37
50460.0   6.66   3.53  0.66  1.38
50520.0   6.52   3.18  0.75  1.26
50580.0   6.34   3.16  0.59  1.35
50640.0   5.76   3.05  0.45  1.41
50700.0   6.56   2.45  0.54  1.67
50760.0   7.27   3.28  0.68  1.51
50820.0   7.27   3.48  0.62  1.45
50880.0   7.42   3.43  0.76  1.17
50940.0   7.72   3.65  0.63  1.46
51000.0   7.50   2.91  0.52  1.30
51060.0   6.78   3.26  0.66  1.55
51120.0   5.45   2.37  0.63  1.40
51180.0   6.85   3.45  0.65  1.41
51240.0   6.59   2.59  0.59  1.41
51300.0   6.82   2.67  0.68  1.31
51360.0   6.12   2.48  0.69  1.45
51420.0   6.10   2.59  0.63  1.32
51480.0   7.62   3.80  0.44  1.47
51540.0   8.71   3.29  0.67  1.48
51600.0   7.17   2.84  0.54  1.46
51660.0   7.93   2.04  0.66  1.53
51720.0   8.34   4.63  0.70  1.35
51780.0   6.98   3.01  0.71  1.37
51840.0   7.65   3.71  0.44  1.52
51900.0   7.33   4.00  0.65  1.50
51960.0   7.30   2.41  0.54  1.57
52020.0   7.29   3.59  0.46  1.44
52080.0   7.88   3.39  0.68  1.46
52140.0   6.93   2.71  0.67  1.29
52200.0   7.52   3.35  0.66  1.27
52260.0   5.93   3.22  0.68  1.54
52320.0   6.79   2.99  0.39  1.63
52380.0   7.25   3.24  0.68  1.36
52440.0   6.72   3.42  0.72  1.33
52500.0   7.53   3.32  0.51  1.42
52560.0   8.03   3.79  0.66  1.36
52620.0   6.79   2.82  0.62  1.36
52680.0   7.72   3.42  0.54  1.63
52740.0   7.63   4.02  0.68  1.59
52800.0   7.49   3.32  0.66  1.42
52860.0   7.55   3.13  0.71  1.43
52920.0   6.35   3.67  0.74  1.25
52980.0   6.81   3.48  0.76  1.58
53040.0   7.11   3.88  0.72  1.49
53100.0   6.97   2.05  0.63  1.43
53160.0   7.99   3.51  0.72  1.34
53220.0   7.87   3.74  0.77  1.53
53280.0   6.10   2.99  0.74  1.29
53340.0   7.52   2.20  0.69  1.28
53400.0   7.54   3.31  0.40  1.57
53460.0   5.95   2.10  0.59  1.45
53520.0   6.35   2.91  0.66  1.25
53580.0   7.63   2.66  0.62  1.39
53640.0   7.41   3.39  0.72  1.48
53700.0   6.80   4.17  0.73  1.41
53760.0   6.38   2.45  0.73  1.40
53820.0   6.87   2.82  0.45  1.35
53880.0   7.04   3.05  0.76  1.52
53940.0   7.29   3.05  0.58  1.64
54000.0   6.70   3.89  0.65  1.45
54060.0   7.66   4.07  0.77  1.30
54120.0   6.86   3.77  0.59  1.33
54180.0   6.75   2.08  0.71  1.36
54240.0   6.54   3.36  0.51  1.59
54300.0   6.23   3.58  0.75  1.33
54360.0   7.74   2.74  0.61  1.42
54420.0   6.76   2.77  0.74  1.54
54480.0   6.58   2.62  0.65  1.41
54540.0   8.13   3.76  0.60  1.26
54600.0   7.33   2.64  0.75  1.28
54660.0   7.31   3.04  0.68  1.32
54720.0   6.91   2.38  0.63  1.37
54780.0   6.72   3.33  0.56  1.44
54840.0   7.50   3.43  0.51  1.26
54900.0   8.20   3.05  0.71  1.43
54960.0   7.67   3.19  0.60  1.50
55020.0   7.60   3.10  0.61  1.37
55080.0   6.90   3.75  0.69  1.49
55140.0   8.41   3.76  0.59  1.45
55200.0   7.16   2.92  0.54  1.40
55260.0   8.52   3.49  0.72  1.31
55320.0   9.04   3.76  0.68  1.36
55380.0   8.86   4.38  0.67  1.39
55440.0   8.42   3.64  0.59  1.36
55500.0   7.32   3.93  0.65  1.35
55560.0   7.84   3.06  0.59  1.48
55620.0   6.71   4.08  0.69  1.27
55680.0   8.70   3.51  0.80  1.24
55740.0   8.02   4.09  0.69  1.34
55800.0   8.50   4.06  0.71  1.42
55860.0   7.78   3.42  0.74  1.42
55920.0   8.10   3.56  0.80  1.22
55980.0   6.78   4.40  0.72  1.39
56040.0   6.65   3.51  0.72  1.55
56100.0   6.58   3.91  0.65  1.42
56160.0   6.87   4.14  0.73  1.25
56220.0   7.34   4.25  0.74  1.38
56280.0   7.22   3.95  0.71  1.37
56340.0   6.57   3.20  0.74  1.43
56400.0   7.66   3.73  0.68  1.22
