htdocs/DOWNLOADS/wind-sensors_frongoch_20080114.na
55 1001
Hooper, D. A.
Rutherford Appleton Laboratory - http://www.sstd.rl.ac.uk
Wind vane and anemometer mounted on a 10 m tower
The NERC MST Radar Facility at Aberystwyth - http://mst.nerc.ac.uk
1 1
2008 01 14 2008 01 15
60.0
Seconds since 2008/01/14 00:00:00 UTC at start of 1 minute sample period (s)
4
1.0 1.0 1.0 1.0 
999.99 999.99 99.99 99.99 
Mean eastward wind in 1 minute sample period (m s-1)
Mean northward wind in 1 minute sample period (m s-1)
Minimum wind speed of gust within 1 minute sample period relative to mean speed
Maximum wind speed of gust within 1 minute sample period relative to mean speed
0
37
****** End of standard NASA-Ames info/Start of optional comment lines ******
Number of data lines in file
1440
Product definitions
  Data are initially recorded by the logger at 1 s intervals.
  The eastward and northward wind components represent means over 60 s.
  The gust wind speeds represent means over 3 s.
Global attributes (following NetCDF CF-1.0 convention)
  Title
    Surface wind vane and anemometer data for 1 minute sample periods
  History
    2008/01/14 data acquired by Campbell Scientific CR10 Climate Data Logger
    2008/01/15 12:00 file format converted
                     using tools_campbell_sci.py
                     on fair
  Institution
    Original data recorded by the NERC MST Radar Facility at Aberystwyth
      http://mst.nerc.ac.uk
    Data processed at the Rutherford Appleton Laboratory, Space Science and
      Technology Department - http://www.sstd.rl.ac.uk
    Data held at the British Atmospheric Data Centre
      http://badc.nerc.ac.uk/data/mst
  Source
    Vector Instruments W200P wind vane
    Vector Instruments A100R anemometer
      Both instruments are mounted on a 10 m tower
    Location name: Frongoch farm (near Aberystwyth, UK)
    Location: 52.42 degrees N, -4.05 degrees E
              base of tower 140 m above mean sea level
    British National Grid Reference: SN604826
  Comments
    Data restrictions: for academic/educational use only
  References
    Basic information about the data is available at http://badc.nerc.ac.uk/data/mst
    More detailed information about the data is available at http://mst.nerc.ac.uk
   Time   East  North   Min   Max
****** End of optional comment lines ***************************************
[from data line 942]
56520.0   6.99   3.30  0.75  1.56
56580.0   7.70   3.41  0.74  1.39
56640.0   7.77   3.94  0.72  1.20
56700.0   7.18   3.17  0.69  1.43
56760.0   5.79   2.81  0.65  1.42
56820.0   7.22   3.92  0.61  1.37
56880.0   7.56   3.40  0.65  1.41
56940.0   8.87   2.75  0.76  1.30
57000.0   7.05   4.05  0.62  1.54
57060.0   7.65   3.15  0.76  1.31
57120.0   7.58   3.93  0.73  1.32
57180.0   8.06   3.09  0.68  1.35
57240.0   8.96   3.99  0.64  1.44
57300.0   7.20   3.83  0.72  1.48
57360.0   8.56   4.12  0.79  1.32
57420.0   7.69   3.49  0.69  1.48
57480.0   8.24   4.29  0.58  1.53
57540.0   8.35   3.31  0.65  1.35
57600.0   8.26   4.03  0.73  1.36
57660.0   8.06   3.72  0.75  1.27
57720.0   7.27   2.68  0.70  1.29
57780.0   6.26   3.18  0.65  1.48
57840.0   5.87   2.15  0.67  1.33
57900.0   8.32   3.03  0.61  1.36
57960.0   8.28   3.48  0.74  1.21
58020.0   7.44   2.10  0.49  1.46
58080.0   8.24   3.82  0.73  1.38
58140.0   7.93   3.33  0.68  1.50
58200.0   6.81   4.04  0.68  1.32
58260.0   6.18   3.34  0.59  1.48
58320.0   7.07   3.09  0.59  1.35
58380.0   6.87   2.70  0.40  1.52
58440.0   7.70   3.98  0.58  1.25
58500.0   6.99   2.71  0.61  1.28
58560.0   7.95   3.61  0.67  1.48
58620.0   8.80   4.05  0.73  1.42
58680.0   6.71   3.36  0.61  1.39
58740.0   6.63   3.37  0.73  1.29
58800.0   6.35   2.63  0.61  1.33
58860.0   6.97   3.39  0.54  1.45
58920.0   8.21   3.49  0.56  1.54
58980.0   6.66   3.36  0.61  1.40
59040.0   6.85   2.48  0.74  1.37
59100.0   6.83   3.15  0.66  1.44
59160.0   6.42   2.62  0.66  1.32
59220.0   6.25   2.60  0.49  1.41
59280.0   6.48   2.31  0.48  1.64
59340.0   6.28   2.04  0.57  1.64
59400.0   7.54   2.85  0.67  1.50
59460.0   7.18   3.61  0.62  1.30
59520.0   6.99   3.21  0.76  1.41
59580.0   8.37   3.52  0.69  1.33
59640.0   6.87   2.25  0.63  1.44
59700.0   6.59   3.16  0.68  1.43
59760.0   7.64   3.91  0.44  1.51
59820.0   6.39   3.30  0.46  1.45
59880.0   7.63   2.79  0.62  1.59
59940.0   6.66   2.91  0.80  1.32
60000.0   7.86   2.22  0.56  1.28
60060.0   7.26   3.55  0.57  1.34
60120.0   6.52   2.88  0.70  1.29
60180.0   7.44   2.94  0.57  1.41
60240.0   6.99   3.81  0.63  1.41
60300.0   7.01   2.88  0.66  1.43
60360.0   7.55   3.73  0.74  1.73
60420.0   7.38   3.50  0.71  1.33
60480.0   7.28   3.12  0.47  1.32
60540.0   6.96   3.94  0.73  1.46
60600.0   6.72   3.61  0.82  1.26
60660.0   6.32   3.19  0.77  1.30
60720.0   6.67   3.25  0.56  1.46
60780.0   5.53   2.87  0.67  1.27
60840.0   5.20   3.32  0.68  1.35
60900.0   5.66   2.70  0.60  1.33
60960.0   6.44   3.34  0.69  1.38
61020.0   5.03   2.51  0.67  1.41
61080.0   6.60   3.95  0.54  1.46
61140.0   7.02   2.71  0.72  1.44
61200.0   6.87   2.90  0.56  1.51
61260.0   8.00   4.03  0.74  1.30
61320.0   8.72   3.96  0.65  1.44
61380.0   7.97   3.96  0.66  1.26
61440.0   8.00   4.69  0.76  1.35
61500.0   5.94   3.51  0.54  1.33
61560.0   7.84   3.54  0.78  1.31
61620.0   6.27   3.40  0.76  1.29
61680.0   6.86   3.22  0.77  1.21
61740.0   7.17   3.88  0.66  1.33
61800.0   7.42   3.37  0.77  1.33
61860.0   7.03   3.01  0.54  1.42
61920.0   6.73   3.59  0.66  1.37
61980.0   6.37   4.04  0.44  1.33
62040.0   6.59   2.96  0.63  1.44
62100.0   6.00   3.10  0.62  1.60
62160.0   6.71   3.84  0.70  1.46
62220.0   6.24   3.49  0.52  1.34
62280.0   6.75   4.25  0.73  1.41
62340.0   7.64   3.59  0.64  1.43
62400.0   6.93   4.16  0.77  1.34
62460.0   6.70   3.41  0.61  1.50
62520.0   7.30   3.77  0.66  1.32
62580.0   6.18   3.98  0.62  1.36
62640.0   7.11   4.14  0.71  1.47
62700.0   7.67   3.86  0.73  1.46
62760.0   7.43   3.23  0.72  1.44
62820.0   7.32   3.62  0.71  1.48
62880.0   6.57   3.25  0.68  1.59
62940.0   7.37   3.84  0.75  1.40
63000.0   6.51   3.05  0.64  1.68
63060.0   8.31   3.82  0.77  1.46
63120.0   6.51   2.84  0.65  1.41
63180.0   6.59   3.06  0.75  1.38
63240.0   5.53   2.49  0.69  1.31
63300.0   5.46   2.87  0.47  1.62
63360.0   7.26   3.54  0.57  1.44
63420.0   7.74   4.71  0.69  1.24
63480.0   4.95   2.93  0.43  1.74
63540.0   6.06   3.17  0.67  1.46
63600.0   6.11   3.33  0.60  1.56
63660.0   7.04   4.49  0.75  1.45
63720.0   7.59   4.51  0.52  1.46
63780.0   6.40   3.41  0.63  1.49
63840.0   5.81   3.31  0.62  1.50
63900.0   7.00   3.88  0.62  1.35
63960.0   6.85   4.38  0.67  1.49
64020.0   6.52   3.50  0.62  1.46
64080.0   7.07   4.10  0.71  1.33
64140.0   8.38   3.49  0.69  1.38
64200.0   8.95   3.56  0.78  1.34
64260.0   6.52   3.83  0.66  1.43
64320.0   8.33   4.73  0.70  1.26
64380.0   8.67   4.78  0.63  1.39
64440.0   7.22   4.25  0.75  1.24
64500.0   6.80   3.36  0.66  1.48
64560.0   7.80   3.49  0.59  1.51
64620.0   6.58   3.47  0.73  1.29
64680.0   8.54   3.61  0.72  1.21
64740.0   8.20   3.89  0.60  1.33
64800.0   6.30   3.39  0.47  1.40
64860.0   7.35   3.65  0.81  1.22
64920.0   7.42   3.52  0.61  1.27
64980.0   7.32   3.93  0.80  1.25
65040.0   6.59   3.07  0.63  1.38
65100.0   5.68   3.08  0.58  1.29
65160.0   7.97   4.49  0.77  1.37
65220.0   5.39   3.56  0.65  1.42
65280.0   8.19   5.59  0.38  1.26
65340.0   7.46   4.20  0.73  1.27
65400.0   5.44   4.28  0.66  1.26
65460.0   5.65   4.48  0.69  1.39
65520.0   5.50   3.81  0.69  1.31
65580.0   6.86   3.08  0.61  1.61
65640.0   5.36   3.00  0.81  1.49
65700.0   6.45   4.14  0.71  1.25
65760.0   5.47   3.81  0.69  1.50
65820.0   5.72   3.50  0.75  1.18
65880.0   5.93   3.87  0.71  1.30
65940.0   5.42   2.80  0.68  1.71
66000.0   5.06   3.49  0.68  1.56
66060.0   5.53   4.02  0.67  1.28
66120.0   6.88   4.92  0.84  1.23
66180.0   7.95   4.53  0.68  1.37
66240.0   6.81   3.65  0.75  1.40
66300.0   4.36   3.58  0.74  1.33
66360.0   3.83   3.21  0.75  1.25
66420.0   4.94   3.83  0.80  1.33
66480.0   4.63   4.62  0.76  1.27
66540.0   5.03   3.68  0.74  1.20
66600.0   4.67   4.61  0.63  1.33
66660.0   5.29   3.25  0.60  1.28
66720.0   4.63   4.20  0.53  1.33
66780.0   5.28   4.07  0.75  1.25
66840.0   5.74   3.14  0.76  1.34
66900.0   5.96   2.74  0.70  1.33
66960.0   4.51   4.36  0.80  1.26
67020.0   6.45   5.63  0.58  1.41
67080.0   5.10   3.83  0.65  1.44
67140.0   4.37   3.40  0.60  1.50
67200.0   5.14   4.18  0.75  1.32
67260.0   6.38   4.72  0.73  1.26
67320.0   5.12   4.53  0.79  1.40
67380.0   6.51   4.75  0.67  1.45
67440.0   7.02   5.06  0.82  1.25
67500.0   5.85   4.50  0.73  1.24
67560.0   7.03   4.46  0.60  1.35
67620.0   5.69   4.04  0.72  1.49
67680.0   6.98   4.28  0.51  1.32
67740.0   6.91   4.19  0.77  1.24
67800.0   5.79   4.27  0.75  1.33
67860.0   6.88   4.59  0.76  1.21
67920.0   6.44   6.07  0.75  1.36
67980.0   6.30   4.58  0.70  1.18
68040.0   6.18   4.61  0.76  1.35
68100.0   5.14   4.37  0.74  1.48
68160.0   6.16   4.31  0.72  1.16
68220.0   5.56   4.22  0.66  1.31
68280.0   5.57   3.99  0.55  1.34
68340.0   6.59   4.83  0.71  1.28
68400.0   6.40   5.44  0.64  1.29
68460.0   5.09   4.04  0.58  1.47
68520.0   5.93   4.07  0.64  1.33
68580.0   4.80   5.09  0.77  1.25
68640.0   5.44   4.37  0.72  1.31
68700.0   6.51   4.39  0.74  1.27
68760.0   5.82   4.18  0.81  1.28
68820.0   5.78   5.10  0.59  1.19
68880.0   4.74   3.21  0.51  1.53
68940.0   4.99   3.93  0.59  1.31
69000.0   5.93   4.39  0.79  1.24
69060.0   5.65   3.81  0.67  1.47
69120.0   5.00   3.40  0.69  1.31
69180.0   4.96   3.66  0.68  1.28
69240.0   5.27   3.77  0.71  1.48
69300.0   5.38   2.46  0.63  1.34
69360.0   6.06   3.87  0.70  1.33
69420.0   5.67   3.66  0.80  1.17
69480.0   4.60   3.28  0.66  1.48
69540.0   3.23   2.06  0.65  1.52
69600.0   4.69   3.21  0.66  1.32
69660.0   4.86   2.99  0.73  1.31
69720.0   4.31   2.46  0.76  1.51
69780.0   4.20   2.25  0.61  1.40
69840.0   5.29   2.83  0.56  1.39
69900.0   4.99   2.90  0.79  1.16
69960.0   5.49   3.31  0.65  1.43
70020.0   6.96   3.91  0.78  1.20
70080.0   6.20   4.62  0.81  1.13
70140.0   4.79   4.15  0.66  1.38
70200.0   6.10   4.71  0.59  1.40
70260.0   5.66   4.01  0.72  1.14
70320.0   6.86   4.69  0.70  1.30
70380.0   7.25   6.34  0.74  1.17
70440.0   6.77   6.16  0.77  1.18
70500.0   6.67   5.95  0.84  1.26
70560.0   7.19   5.78  0.68  1.35
70620.0   5.32   4.74  0.76  1.34
70680.0   5.43   5.26  0.72  1.21
70740.0   5.86   5.01  0.76  1.30
70800.0   5.34   5.38  0.71  1.26
70860.0   4.81   4.74  0.68  1.30
70920.0   5.08   5.06  0.87  1.39
70980.0   5.17   5.74  0.81  1.19
71040.0   4.82   6.04  0.75  1.19
71100.0   4.24   4.45  0.61  1.36
71160.0   4.84   5.34  0.75  1.39
71220.0   4.69   5.30  0.65  1.30
71280.0   5.25   6.46  0.80  1.25
71340.0   5.87   6.36  0.82  1.16
71400.0   5.32   5.49  0.76  1.25
71460.0   4.73   5.22  0.71  1.30
71520.0   5.21   5.42  0.72  1.16
71580.0   4.22   5.30  0.55  1.35
71640.0   2.90   4.30  0.72  1.20
71700.0   3.54   5.77  0.74  1.23
71760.0   3.09   4.85  0.80  1.16
71820.0   4.44   4.89  0.63  1.26
71880.0   3.86   4.81  0.61  1.35
71940.0   3.70   4.98  0.74  1.28
72000.0   3.77   4.62  0.84  1.26
72060.0   3.79   4.05  0.83  1.35
72120.0   3.00   4.46  0.62  1.16
72180.0   2.25   4.58  0.65  1.22
72240.0   3.44   4.86  0.84  1.19
72300.0   4.23   5.65  0.71  1.30
72360.0   4.28   5.36  0.85  1.22
72420.0   2.16   4.35  0.77  1.46
72480.0   2.23   4.78  0.79  1.19
72540.0   1.73   4.38  0.80  1.15
72600.0   1.71   3.69  0.72  1.13
72660.0   1.96   4.37  0.70  1.22
72720.0   1.45   3.57  0.86  1.19
72780.0   1.98   3.64  0.70  1.21
72840.0   1.72   3.28  0.79  1.24
72900.0   1.79   3.83  0.79  1.28
72960.0   2.64   4.20  0.67  1.34
73020.0   1.90   3.83  0.78  1.27
73080.0   2.19   3.12  0.77  1.31
73140.0   2.62   4.34  0.74  1.40
73200.0   2.16   4.11  0.81  1.35
73260.0   2.15   4.07  0.81  1.45
73320.0   3.34   4.26  0.77  1.31
73380.0   3.59   4.81  0.83  1.18
73440.0   3.59   4.78  0.77  1.32
73500.0   2.77   4.46  0.79  1.19
73560.0   2.24   4.52  0.83  1.24
73620.0   2.25   3.85  0.75  1.22
73680.0   2.62   4.04  0.69  1.13
73740.0   2.07   4.27  0.79  1.14
73800.0   2.74   4.91  0.81  1.19
73860.0   2.06   3.72  0.78  1.27
73920.0   2.24   3.98  0.82  1.28
73980.0   1.78   4.34  0.80  1.24
74040.0   1.92   3.91  0.86  1.24
74100.0   2.03   4.02  0.56  1.30
74160.0   2.09   4.03  0.73  1.19
74220.0   2.14   4.19  0.80  1.24
74280.0   2.08   3.75  0.78  1.36
74340.0   2.37   3.68  0.67  1.14
74400.0   2.18   4.24  0.70  1.22
74460.0   2.20   4.04  0.81  1.18
74520.0   2.15   4.79  0.79  1.19
74580.0   2.12   4.48  0.76  1.26
74640.0   1.71   3.84  0.79  1.19
74700.0   2.43   4.89  0.84  1.15
74760.0   1.75   4.17  0.74  1.29
74820.0   2.27   3.59  0.78  1.18
74880.0   1.48   3.44  0.78  1.44
74940.0   1.79   3.65  0.82  1.23
75000.0   2.21   3.06  0.88  1.11
75060.0   2.78   3.59  0.83  1.19
75120.0   2.68   3.67  0.83  1.10
75180.0   2.52   3.21  0.82  1.22
75240.0   1.99   3.42  0.84  1.16
75300.0   2.08   3.27  0.75  1.29
75360.0   1.87   2.91  0.84  1.21
75420.0   1.74   2.57  0.67  1.21
75480.0   2.10   3.16  0.77  1.32
75540.0   1.80   3.57  0.73  1.25
75600.0   1.46   2.97  0.88  1.26
75660.0   1.40   3.28  0.70  1.17
75720.0   1.38   2.76  0.81  1.22
75780.0   1.33   2.43  0.90  1.20
75840.0   1.69   3.11  0.59  1.53
75900.0   1.96   3.60  0.81  1.32
75960.0   1.47   4.45  0.71  1.33
76020.0   2.44   4.12  0.78  1.22
76080.0   2.43   3.96  0.81  1.17
76140.0   2.54   4.33  0.75  1.24
76200.0   2.68   4.25  0.75  1.16
76260.0   2.41   3.17  0.73  1.36
76320.0   2.38   3.52  0.69  1.18
76380.0   2.03   3.45  0.73  1.25
76440.0   3.06   3.98  0.75  1.33
76500.0   2.78   4.30  0.89  1.55
76560.0   2.89   5.11  0.85  1.35
76620.0   2.40   4.00  0.80  1.25
76680.0   2.15   3.42  0.82  1.24
76740.0   2.32   4.05  0.80  1.07
76800.0   3.24   3.86  0.74  1.24
76860.0   2.98   4.35  0.79  1.26
76920.0   2.74   3.72  0.81  1.17
76980.0   2.56   4.34  0.83  1.24
77040.0   2.47   4.16  0.86  1.12
77100.0   2.55   3.40  0.78  1.27
77160.0   2.31   3.59  0.78  1.17
77220.0   2.90   3.87  0.86  1.12
77280.0   2.83   3.50  0.83  1.20
77340.0   3.42   4.25  0.69  1.22
77400.0   2.61   3.92  0.80  1.24
77460.0   2.27   3.82  0.75  1.22
77520.0   2.31   4.05  0.71  1.34
77580.0   2.04   3.41  0.84  1.26
77640.0   2.90   3.82  0.78  1.30
77700.0   3.39   4.26  0.84  1.30
77760.0   3.47   4.48  0.81  1.25
77820.0   2.53   3.74  0.83  1.29
77880.0   2.10   3.21  0.76  1.20
77940.0   2.80   3.44  0.75  1.22
78000.0   2.70   3.66  0.83  1.28
78060.0   3.09   4.17  0.80  1.20
78120.0   3.15   4.38  0.77  1.16
78180.0   2.62   3.69  0.74  1.29
78240.0   2.76   3.94  0.69  1.21
78300.0   2.81   4.39  0.80  1.28
78360.0   2.79   4.47  0.87  1.19
78420.0   3.37   4.61  0.80  1.31
78480.0   2.80   4.68  0.84  1.15
78540.0   3.07   4.00  0.66  1.65
78600.0   3.94   5.15  0.77  1.22
78660.0   2.20   3.83  0.75  1.32
78720.0   2.56   4.20  0.76  1.27
78780.0   2.94   3.99  0.84  1.18
78840.0   3.28   4.34  0.84  1.30
78900.0   3.86   4.81  0.81  1.28
78960.0   3.57   5.03  0.81  1.22
79020.0   2.95   4.84  0.81  1.32
79080.0   3.72   5.83  0.72  1.20
79140.0   3.24   5.49  0.85  1.18
79200.0   2.73   5.03  0.73  1.24
79260.0   2.46   4.23  0.77  1.19
79320.0   3.08   4.50  0.61  1.30
79380.0   3.09   4.90  0.79  1.29
79440.0   2.78   4.72  0.76  1.29
79500.0   2.98   4.24  0.80  1.12
79560.0   2.45   4.55  0.73  1.21
79620.0   2.28   4.26  0.69  1.29
79680.0   2.33   4.47  0.74  1.24
79740.0   2.51   4.52  0.73  1.29
79800.0   2.44   5.18  0.73  1.24
79860.0   2.49   4.43  0.74  1.23
79920.0   2.73   4.58  0.78  1.25
79980.0   2.64   4.92  0.82  1.19
80040.0   2.13   4.50  0.75  1.17
80100.0   2.27   4.80  0.86  1.18
80160.0   1.68   4.15  0.84  1.21
80220.0   2.06   4.74  0.81  1.21
80280.0   1.71   4.12  0.75  1.40
80340.0   2.43   4.42  0.83  1.16
80400.0   2.39   5.07  0.82  1.12
80460.0   1.90   4.40  0.78  1.22
80520.0   1.83   4.83  0.81  1.21
80580.0   1.69   4.64  0.84  1.18
80640.0   2.95   4.93  0.72  1.23
80700.0   2.59   5.36  0.84  1.26
80760.0   2.98   5.14  0.84  1.12
80820.0   2.63   4.86  0.83  1.21
80880.0   2.37   5.26  0.72  1.23
80940.0   2.28   5.14  0.67  1.19
81000.0   2.34   4.70  0.71  1.27
81060.0   1.81   4.25  0.81  1.17
81120.0   1.83   4.41  0.79  1.22
81180.0   2.07   3.78  0.77  1.26
81240.0   1.57   4.55  0.78  1.30
81300.0   2.08   4.78  0.72  1.12
81360.0   2.20   5.04  0.76  1.21
81420.0   1.70   4.94  0.80  1.20
81480.0   1.39   4.43  0.81  1.17
81540.0   1.11   4.36  0.74  1.30
81600.0   1.03   4.25  0.67  1.33
81660.0   1.08   5.48  0.75  1.12
81720.0   1.21   4.87  0.83  1.24
81780.0   1.31   5.45  0.67  1.19
81840.0   1.40   5.51  0.81  1.24
81900.0   1.12   5.04  0.81  1.13
81960.0   1.35   4.81  0.75  1.33
82020.0   0.92   4.55  0.81  1.26
82080.0   0.86   5.05  0.73  1.30
82140.0   0.90   4.83  0.76  1.36
82200.0   0.62   4.56  0.72  1.27
82260.0   1.08   5.73  0.86  1.14
82320.0   1.26   5.27  0.69  1.23
82380.0   1.67   5.54  0.86  1.22
82440.0   1.60   4.71  0.75  1.34
82500.0   1.56   4.80  0.83  1.16
82560.0   1.31   6.51  0.63  1.32
82620.0   1.82   6.18  0.71  1.23
82680.0   2.11   5.57  0.77  1.33
82740.0   2.46   4.99  0.82  1.20
82800.0   2.57   5.40  0.84  1.12
82860.0   2.18   6.08  0.77  1.16
82920.0   2.15   5.31  0.73  1.16
82980.0   2.12   5.35  0.87  1.16
83040.0   1.97   5.36  0.73  1.31
83100.0   2.09   6.07  0.91  1.23
83160.0   3.19   6.00  0.86  1.10
83220.0   2.36   5.27  0.65  1.30
83280.0   2.42   5.79  0.73  1.20
83340.0   1.93   5.55  0.64  1.21
83400.0   2.51   5.97  0.77  1.16
83460.0   2.89   6.22  0.79  1.22
83520.0   2.06   5.61  0.77  1.32
83580.0   2.18   5.02  0.76  1.22
83640.0   2.57   5.58  0.75  1.22
83700.0   2.32   5.12  0.81  1.26
83760.0   3.29   5.80  0.75  1.25
83820.0   3.21   6.17  0.66  1.38
83880.0   2.85   6.98  0.72  1.27
83940.0   2.64   6.96  0.84  1.18
84000.0   3.89   7.47  0.74  1.19
84060.0   3.26   5.26  0.81  1.21
84120.0   1.81   5.74  0.83  1.18
84180.0   2.79   7.27  0.70  1.18
84240.0   3.56   7.49  0.80  1.16
84300.0   3.14   6.79  0.89  1.17
84360.0   2.88   6.24  0.85  1.21
84420.0   2.81   6.37  0.72  1.20
84480.0   3.36   7.17  0.74  1.26
84540.0   2.50   6.58  0.83  1.18
84600.0   3.27   6.49  0.80  1.43
